BRF computed 04-MAY-17 13:32:02 using input data file: C:\Users\jnsebgosselin\OneDrive\WHAT\WHAT\kgs_brf\BRFInput.txt                                                                                                                                                                                                                                                                                                                                                                                                                                                      
Comment: No comment men
Well: F10
WL Units: feet
BP Units: feet
ET Units: NONE
Sample Interval: 0.010417
Time Units: days
Data Start Time: 2015/10/7, 22:00:00
Data End Time: 2016/05/27, 21:00:00
Number of BP Lags:          300
Number of ET Lags:          300
Developed with detrending?: Yes
 LagNo Lag A sdA SumA sdSumA B sdB SumB sdSumB
           0  0.000000000000000E+000  0.139787815183965     
  1.039514787183762E-002  0.139787815183965       1.039514787183762E-002
  -69.8750797292724        249.387440869545       -69.8750797292724     
   249.387423616666     
           1  1.041700000000000E-002 -5.080033645538237E-002
  1.061970493947907E-002  8.898747872858290E-002  1.325413906037203E-002
   619.515934821111        504.389133789300        549.640855091838     
   312.831777066962     
           2  2.083400000000000E-002  3.725199556298217E-003
  1.067978811711330E-002  9.271267828488111E-002  1.502952480247177E-002
  -954.439864942948        531.138252178872       -404.799009851109     
   473.864769412055     
           3  3.125100000000000E-002 -5.646744755091307E-003
  1.070390228162351E-002  8.706593352978981E-002  1.632206449628294E-002
   514.074491878389        565.011451919298        109.275482027280     
   501.027734269134     
           4  4.166800000000000E-002  1.032302094378403E-002
  1.075942835713194E-002  9.738895447357385E-002  1.715118652996285E-002
  -837.736925726270        639.564873298816       -728.461443698990     
   519.093507377597     
           5  5.208499999999999E-002  1.995832223351897E-002
  1.079278007999148E-002  0.117347276707093       1.770807983309364E-002
   15.7022201231360        672.402220711942       -712.759223575854     
   623.089720246303     
           6  6.250200000000000E-002 -5.680114491736021E-003
  1.080533779381755E-002  0.111667162215357       1.812909157045281E-002
   1048.50244555381        672.769694517709        335.743221977955     
   722.762052365002     
           7  7.291900000000000E-002  1.923475579657948E-002
  1.082584612221286E-002  0.130901918011936       1.840830722897537E-002
   1016.46601832796        688.398253071756        1352.20924030592     
   755.561354223594     
           8  8.333599999999999E-002  5.685644341266461E-003
  1.083078714722388E-002  0.136587562353203       1.862044661628587E-002
  -701.051449940725        724.916931312657        651.157790365195     
   755.432670121875     
           9  9.375299999999999E-002  2.187484199261092E-002
  1.083058554677981E-002  0.158462404345814       1.879848365452380E-002
  -1154.86815446371        755.386142942200       -503.710364098515     
   786.583774496921     
          10  0.104170000000000       1.484736229052040E-002
  1.084022768451201E-002  0.173309766636334       1.891990472407420E-002
   718.113571120533        767.650124500379        214.403207022018     
   863.478343891480     
          11  0.114587000000000       9.173427465527923E-004
  1.085133121294867E-002  0.174227109382887       1.899315754039584E-002
   171.726166578306        768.110003645103        386.129373600325     
   944.447591134483     
          12  0.125004000000000       1.165600347506086E-002
  1.085176373600295E-002  0.185883112857948       1.906991928666268E-002
  -517.825957124935        774.084180595965       -131.696583524611     
   986.987161481077     
          13  0.135421000000000      -2.201073513236872E-004
  1.085530732408290E-002  0.185663005506624       1.912277598793480E-002
  -748.065773164780        793.934629947724       -879.762356689390     
   993.145641363949     
          14  0.145838000000000       1.600260455593484E-002
  1.086017401617327E-002  0.201665610062559       1.915549711954184E-002
   227.060698330616        818.439742637126       -652.701658358774     
   997.072854586747     
          15  0.156255000000000      -1.170741294842634E-002
  1.085743456244945E-002  0.189958197114133       1.918896362646344E-002
  -966.052483069417        833.171601639994       -1618.75414142819     
   1026.56862928730     
          16  0.166672000000000       7.321191711802276E-003
  1.085879273432924E-002  0.197279388825935       1.922532440760515E-002
   1247.64616831712        838.303388933875       -371.107973111067     
   1080.49055867501     
          17  0.177089000000000       1.183348260944016E-002
  1.085825027072281E-002  0.209112871435375       1.926353542284547E-002
   775.353462114278        838.506623404716        404.245489003211     
   1137.60235873705     
          18  0.187506000000000       2.908312744531820E-003
  1.085815615516306E-002  0.212021184179907       1.929501391946188E-002
   630.565152256958        840.585706316479        1034.81064126017     
   1175.60211798815     
          19  0.197923000000000       5.982728759214921E-003
  1.085883599563491E-002  0.218003912939122       1.932281917736083E-002
   616.358822791056        848.564145221704        1651.16946405122     
   1189.35256963575     
          20  0.208340000000000       1.878386280001958E-002
  1.085898925165488E-002  0.236787775739141       1.934653852150197E-002
  -1456.76486865857        862.407358514738        194.404595392656     
   1189.66062593235     
          21  0.218757000000000      -9.522838915892283E-003
  1.086041043048845E-002  0.227264936823249       1.937989403075628E-002
   284.462406844198        874.970764229825        478.867002236854     
   1195.78852210705     
          22  0.229174000000000       8.561210334359406E-003
  1.085988971794389E-002  0.235826147157608       1.942020961290893E-002
   662.239219543527        883.559081187746        1141.10622178038     
   1220.23786829312     
          23  0.239591000000000       1.231550376177129E-002
  1.085893922398460E-002  0.248141650919380       1.945862844920505E-002
  -916.913560239231        886.436158080456        224.192661541150     
   1260.25141906212     
          24  0.250008000000000      -4.567657673123041E-003
  1.085790352896793E-002  0.243573993246257       1.949368429079583E-002
  -643.868043462930        886.492892650242       -419.675381921780     
   1303.61651555316     
          25  0.260425000000000       7.362823426697295E-003
  1.085996050212805E-002  0.250936816672954       1.953065694488460E-002
  -272.398357632127        887.698739486535       -692.073739553907     
   1334.67040968215     
          26  0.270842000000000      -9.629425699531647E-004
  1.085899430012094E-002  0.249973874103001       1.956831211207562E-002
  -905.577413664425        893.052120694915       -1597.65115321833     
   1347.87606523142     
          27  0.281259000000000      -3.591844424367261E-003
  1.086182255464217E-002  0.246382029678634       1.959693429276205E-002
  -965.939821346303        901.237961521568       -2563.59097456463     
   1349.49664590441     
          28  0.291676000000000      -5.207083846240612E-003
  1.086175117227880E-002  0.241174945832393       1.962746544240123E-002
   2105.13570784438        909.311070002178       -458.455266720257     
   1350.58126858598     
          29  0.302093000000000      -4.517212946113752E-003
  1.086217570765902E-002  0.236657732886279       1.966354893993220E-002
   1125.82281342688        916.512767956639        667.367546706626     
   1361.06125901668     
          30  0.312510000000000       6.545821256109787E-003
  1.086329057770651E-002  0.243203554142389       1.969159279556311E-002
   253.095106884711        919.789276244858        920.462653591337     
   1383.10666737011     
          31  0.322927000000000       4.132001658569905E-003
  1.086459614754579E-002  0.247335555800959       1.971823456458718E-002
  -355.136301211104        920.949643747320        565.326352380234     
   1413.67999022118     
          32  0.333344000000000       7.231149756362677E-003
  1.086629228380223E-002  0.254566705557322       1.975293106593483E-002
  -348.074493466735        920.920572894510        217.251858913498     
   1444.04971811537     
          33  0.343761000000000      -1.956331300502928E-004
  1.086716643122168E-002  0.254371072427271       1.979314680326457E-002
   568.446723975088        921.984126157790        785.698582888586     
   1465.63879037850     
          34  0.354178000000000       7.336794757512822E-003
  1.086722451629753E-002  0.261707867184784       1.983433827527830E-002
  -933.002166715774        925.022453364174       -147.303583827188     
   1476.15187251002     
          35  0.364595000000000       2.888105425571604E-003
  1.086938698618791E-002  0.264595972610356       1.988908937226457E-002
   340.851264398185        931.124687291047        193.547680570997     
   1477.76768194744     
          36  0.375012000000000       2.971362352509337E-002
  1.086884842686503E-002  0.294309596135449       1.993311290488969E-002
   979.051389011479        938.159873855870        1172.59906958248     
   1478.43287307738     
          37  0.385429000000000       3.586872853991104E-003
  1.086912414460879E-002  0.297896468989440       1.998093056269902E-002
   183.402039992145        944.144019461203        1356.00110957462     
   1486.13030122004     
          38  0.395846000000000       9.803304055735824E-003
  1.086770408542420E-002  0.307699773045176       2.003236165835818E-002
  -872.117353422801        947.212702670166        483.883756151820     
   1503.38386485261     
          39  0.406263000000000      -2.728549642055163E-004
  1.087160257962561E-002  0.307426918080970       2.008606209542708E-002
  -683.231330780376        948.321035690814       -199.347574628555     
   1527.99109557783     
          40  0.416680000000000      -8.046096748173534E-003
  1.087166369819969E-002  0.299380821332797       2.013864021520695E-002
  -1326.36523075428        948.319614052167       -1525.71280538284     
   1552.90181856203     
          41  0.427097000000000      -1.528342697195281E-002
  1.090138024719525E-002  0.284097394360844       2.019884429320928E-002
   851.142209384640        948.956334514594       -674.570595998197     
   1571.49366089366     
          42  0.437514000000000       1.224461671757864E-002
  1.090039392752167E-002  0.296342011078423       2.026552866778166E-002
  -584.481746865646        950.879634546500       -1259.05234286384     
   1581.83327817365     
          43  0.447931000000000       9.621417811073207E-003
  1.091749009756055E-002  0.305963428889496       2.030856542391285E-002
   39.6123339835165        954.141409199785       -1219.44000888033     
   1585.07364698214     
          44  0.458348000000000       1.402430201729889E-002
  1.091731402439257E-002  0.319987730906795       2.035687477572035E-002
   501.808423291470        958.894137201276       -717.631585588857     
   1585.02341599493     
          45  0.468765000000000       1.431401375308973E-002
  1.091804710715445E-002  0.334301744659885       2.039836061625126E-002
  -179.305075004633        963.408106775471       -896.936660593490     
   1587.42471601747     
          46  0.479182000000000      -3.935881496682668E-003
  1.091994462660435E-002  0.330365863163202       2.044939177115977E-002
   569.173214203948        966.957517443244       -327.763446389542     
   1596.54311784303     
          47  0.489599000000000      -1.510613860324821E-002
  1.092193649746307E-002  0.315259724559954       2.050832057685709E-002
   906.865361864723        968.996677652561        579.101915475181     
   1613.55811793998     
          48  0.500016000000000       8.882634017796437E-003
  1.092345576359339E-002  0.324142358577750       2.057859137352911E-002
   391.175621079925        969.375134847667        970.277536555106     
   1634.57031262130     
          49  0.510433000000000      -1.698474632796792E-002
  1.092451129687097E-002  0.307157612249782       2.066193620495357E-002
   900.733599735043        969.475378434189        1871.01113629015     
   1654.99077144568     
          50  0.520850000000000      -9.458107257453496E-004
  1.092667244052277E-002  0.306211801524037       2.075681406141914E-002
   155.842097953446        970.324885780771        2026.85323424360     
   1669.50311972290     
          51  0.531267000000000      -9.814442834283905E-004
  1.092748285264625E-002  0.305230357240608       2.084824314031481E-002
  -493.941781537114        973.077968537865        1532.91145270648     
   1675.90500117187     
          52  0.541684000000000      -6.753201280583041E-003
  1.092979395035146E-002  0.298477155960025       2.092359626990552E-002
  -1340.57594859792        977.155542752407        192.335504108558     
   1676.83737745137     
          53  0.552101000000000      -1.213854977217153E-002
  1.093119655198315E-002  0.286338606187854       2.099091289671186E-002
  -460.976727741587        980.896877880809       -268.641223633028     
   1677.04765721727     
          54  0.562518000000000      -2.987963306232180E-003
  1.093071012840205E-002  0.283350642881622       2.104280480604206E-002
  -765.676528522040        984.433368095935       -1034.31775215507     
   1680.75312420560     
          55  0.572935000000000      -1.089111189419234E-002
  1.093448866573244E-002  0.272459530987429       2.108795827282292E-002
   915.382349262103        986.198449399147       -118.935402892966     
   1689.48224708477     
          56  0.583352000000000       1.613920036436075E-002
  1.093344771126085E-002  0.288598731351790       2.114052897020439E-002
  -459.215780247490        986.875890979752       -578.151183140456     
   1702.47844007886     
          57  0.593769000000000       4.973648584341796E-003
  1.093337892729885E-002  0.293572379936132       2.119684236899029E-002
   26.4080674271871        986.974194343953       -551.743115713269     
   1717.16001311501     
          58  0.604186000000000       7.655040632555643E-003
  1.093390779695831E-002  0.301227420568688       2.125287589710501E-002
  -807.843304160097        986.975224545681       -1359.58641987337     
   1730.53777012275     
          59  0.614603000000000      -6.384551115296858E-003
  1.093592792303496E-002  0.294842869453391       2.132912301514516E-002
   34.6044218926584        987.312526314431       -1324.98199798071     
   1740.65257819809     
          60  0.625020000000000       2.030868494965669E-002
  1.093919573777903E-002  0.315151554403047       2.138276684526429E-002
   359.428242624249        988.721988043411       -965.553755356458     
   1745.80277441567     
          61  0.635437000000000      -3.507365877048159E-003
  1.094192389854101E-002  0.311644188525999       2.144315601815120E-002
   106.604056134896        991.554536944325       -858.949699221562     
   1746.77871629554     
          62  0.645854000000000      -7.449948494597862E-003
  1.094190830853138E-002  0.304194240031401       2.150557964679093E-002
   447.758685402068        994.161515155501       -411.191013819494     
   1746.72264967318     
          63  0.656271000000000      -1.494432543722307E-003
  1.094259280075099E-002  0.302699807487679       2.156000018635820E-002
   918.119549555365        996.655042590070        506.928535735871     
   1748.56407960464     
          64  0.666688000000000       3.259078083007530E-004
  1.094264532318020E-002  0.303025715295980       2.160798375934107E-002
   455.658118987680        998.208762021113        962.586654723551     
   1754.12882901211     
          65  0.677105000000000      -1.092551975306809E-002
  1.094286240295043E-002  0.292100195542912       2.165831690907474E-002
   635.151895811322        999.163469278666        1597.73855053487     
   1764.18016461954     
          66  0.687522000000000      -4.356068344858808E-003
  1.094128696777261E-002  0.287744127198053       2.170919147044759E-002
   116.526265537756        999.353812221762        1714.26481607263     
   1777.19444907132     
          67  0.697939000000000       3.749151264650992E-004
  1.094094842407668E-002  0.288119042324518       2.175932696670003E-002
  -397.349757880920        999.285722266884        1316.91505819171     
   1789.94571982218     
          68  0.708356000000000      -1.440932421126904E-003
  1.094193348688235E-002  0.286678109903391       2.181477953418550E-002
  -480.116853044106        999.994424676200        836.798205147604     
   1798.52317021751     
          69  0.718773000000000       9.480195181543329E-003
  1.094130708186349E-002  0.296158305084934       2.187401381213765E-002
   32.9728624481301        1001.38430588863        869.771067595734     
   1802.77173922249     
          70  0.729190000000000      -3.937403827019146E-003
  1.094086158259843E-002  0.292220901257915       2.193487610665704E-002
  -826.266181645296        1003.16908432141        43.5048859504383     
   1803.86709703071     
          71  0.739607000000000       2.060270986683878E-002
  1.094165716806569E-002  0.312823611124754       2.199555539976464E-002
  -1025.61840842222        1005.16891695644       -982.113522471785     
   1803.72987331496     
          72  0.750024000000000       7.964929125592799E-003
  1.095075001549911E-002  0.320788540250347       2.206153686158191E-002
  -14.8069999716986        1007.04009692782       -996.920522443484     
   1804.64675174721     
          73  0.760441000000000      -6.825837140060046E-003
  1.095157525645895E-002  0.313962703110287       2.213130881911366E-002
   260.285948758033        1008.60224360680       -736.634573685451     
   1808.55262309031     
          74  0.770858000000000      -8.666849854693938E-003
  1.095164733928872E-002  0.305295853255593       2.219408449728228E-002
   316.651786971908        1009.00537811050       -419.982786713543     
   1814.90291417261     
          75  0.781275000000000       1.337057832824201E-002
  1.095302026167150E-002  0.318666431583835       2.226141120920367E-002
  -845.490959703460        1008.99036965813       -1265.47374641700     
   1822.68300428608     
          76  0.791692000000000       2.486310243290940E-003
  1.095230868424861E-002  0.321152741827126       2.232379537734034E-002
  -297.485310622751        1008.99198811159       -1562.95905703975     
   1831.02359526254     
          77  0.802109000000000       1.181064640202174E-003
  1.095347097120608E-002  0.322333806467328       2.239973862810771E-002
   1089.18589051780        1009.02478128795       -473.773166521954     
   1838.29894984617     
          78  0.812526000000000       1.541517774422009E-002
  1.095290315099175E-002  0.337748984211548       2.247638705062670E-002
  -228.799763613502        1009.22665865101       -702.572930135456     
   1843.65938421386     
          79  0.822943000000000       4.617050681356477E-003
  1.095352445362783E-002  0.342366034892905       2.255912941887345E-002
   175.529444912252        1010.20743737115       -527.043485223203     
   1846.12735569492     
          80  0.833360000000000      -4.153848841088577E-003
  1.095595586518505E-002  0.338212186051816       2.264689686036488E-002
   759.008276984924        1012.06313381953        231.964791761721     
   1846.51887390937     
          81  0.843777000000000       1.737757210706814E-002
  1.095520653781407E-002  0.355589758158884       2.272728984132471E-002
   640.258570409005        1013.72368116141        872.223362170726     
   1846.79627364321     
          82  0.854194000000000      -1.982993949447247E-002
  1.095570553150178E-002  0.335759818664412       2.280470740896258E-002
   294.654764294578        1014.87470114723        1166.87812646530     
   1848.19333187482     
          83  0.864611000000000      -6.523719599698355E-003
  1.095561583252751E-002  0.329236099064713       2.287721571515052E-002
  -191.601504662934        1015.78074527762        975.276621802369     
   1851.47008203300     
          84  0.875028000000000      -2.597890730485722E-003
  1.095617244154265E-002  0.326638208334228       2.295778008580715E-002
   560.656537255159        1016.45304653876        1535.93315905753     
   1857.19657832121     
          85  0.885445000000000      -7.356740855894084E-003
  1.095623847970384E-002  0.319281467478334       2.304230684194043E-002
   52.1732932848776        1016.78524243432        1588.10645234241     
   1865.25354943317     
          86  0.895862000000000       1.086802846208088E-004
  1.095533277753658E-002  0.319390147762954       2.313014604572490E-002
  -986.682561485985        1016.74493476822        601.423890856421     
   1873.38517839783     
          87  0.906279000000000      -2.861545542521082E-002
  1.095636190581237E-002  0.290774692337744       2.323078986559732E-002
  -232.534715456987        1016.94517975498        368.889175399434     
   1879.48806891695     
          88  0.916696000000000      -1.073250476385703E-004
  1.095878466719029E-002  0.290667367290105       2.334625938514579E-002
  -1029.82544214993        1017.27099674102       -660.936266750498     
   1883.24329278075     
          89  0.927113000000000       8.172146775525862E-003
  1.096221665243663E-002  0.298839514065631       2.345487427615578E-002
   658.039230257518        1017.77260105870       -2.89703649297962     
   1884.72460286018     
          90  0.937530000000000      -1.677962281453507E-002
  1.096234105865068E-002  0.282059891251096       2.356902729530343E-002
   136.583677848206        1019.99439394638        133.686641355226     
   1884.36916809278     
          91  0.947947000000000       1.370408125042982E-003
  1.096212033560622E-002  0.283430299376139       2.367614288366465E-002
  -304.795023310100        1022.11814358751       -171.108381954874     
   1884.85214459315     
          92  0.958364000000000      -1.790849794881884E-002
  1.096218142923847E-002  0.265521801427320       2.377724812336865E-002
  -641.995064236383        1023.57421212917       -813.103446191256     
   1887.91858167599     
          93  0.968781000000000      -1.029732815670330E-002
  1.096202146778480E-002  0.255224473270617       2.386990998302081E-002
  -850.213234007347        1024.11125108122       -1663.31668019860     
   1893.28766034155     
          94  0.979198000000000       2.790327066040777E-003
  1.096137266790324E-002  0.258014800336657       2.396291016803700E-002
   60.6705464015708        1024.32120351965       -1602.64613379703     
   1900.43841184569     
          95  0.989615000000000       6.225321935604066E-004
  1.096305906277471E-002  0.258637332530218       2.403705082566586E-002
  -259.362047153714        1024.40223142351       -1862.00818095075     
   1909.22919251848     
          96   1.00003200000000      -5.218404888679341E-003
  1.096488486444069E-002  0.253418927641538       2.409372343339179E-002
  -25.2534179987128        1024.42400739936       -1887.26159894946     
   1915.65678625229     
          97   1.01044900000000       2.082944533087479E-002
  1.096470704595909E-002  0.274248372972413       2.413686187571927E-002
   551.292442649504        1025.87671621970       -1335.96915629996     
   1917.02857827862     
          98   1.02086600000000       3.870912193182813E-003
  1.096346768356114E-002  0.278119285165596       2.418531045959341E-002
   502.532494763361        1027.04138662378       -833.436661536594     
   1916.64658679466     
          99   1.03128300000000       1.391912695154796E-002
  1.096223700080572E-002  0.292038412117144       2.422882006417987E-002
   2226.56595527192        1026.31389161444        1393.12929373532     
   1916.65415011368     
         100   1.04170000000000      -1.202046825701862E-002
  1.096187758807256E-002  0.280017943860125       2.427640419689302E-002
   836.704196284887        1027.68660746152        2229.83349002021     
   1916.67673630169     
         101   1.05211700000000       3.917077609965576E-003
  1.096217813902876E-002  0.283935021470091       2.431899832637665E-002
   651.920950132266        1028.38811277394        2881.75444015248     
   1917.67627196122     
         102   1.06253400000000       5.029109427446407E-003
  1.096326372093054E-002  0.288964130897537       2.437223596500095E-002
   504.013448152240        1028.16155129458        3385.76788830472     
   1919.44856502066     
         103   1.07295100000000      -1.078406073742488E-002
  1.096100217406406E-002  0.278180070160112       2.442123622214476E-002
  -1000.09497025613        1027.77574912182        2385.67291804859     
   1920.75898100333     
         104   1.08336800000000      -4.502656090767309E-003
  1.096177349217673E-002  0.273677414069345       2.447911448275350E-002
  -357.590693092994        1027.93770272578        2028.08222495559     
   1922.93913583960     
         105   1.09378500000000       3.246681917232417E-003
  1.096160205842573E-002  0.276924095986577       2.453901724125701E-002
  -1126.60893425917        1028.08990965819        901.473290696424     
   1926.47819087419     
         106   1.10420200000000       1.529366456759722E-002
  1.096282051808658E-002  0.292217760554175       2.461291785291966E-002
  -1386.34133953053        1027.93621698230       -484.868048834110     
   1931.40390508323     
         107   1.11461900000000       5.235842676564307E-003
  1.096283229313570E-002  0.297453603230739       2.468495560727995E-002
  -1509.68383362528        1027.89791586681       -1994.55188245939     
   1936.20987387573     
         108   1.12503600000000       1.044089176376457E-002
  1.096221564491664E-002  0.307894494994504       2.477619804729413E-002
  -1622.71644934727        1028.69616326513       -3617.26833180666     
   1938.51258511038     
         109   1.13545300000000       2.158316421587078E-002
  1.096187015403874E-002  0.329477659210374       2.487744176158939E-002
   783.863171928961        1030.50296463247       -2833.40515987770     
   1938.75281743333     
         110   1.14587000000000      -2.182558324618205E-002
  1.096156846183713E-002  0.307652075964192       2.500159027112423E-002
   1382.69521447377        1033.45196509398       -1450.70994540393     
   1939.17063383072     
         111   1.15628700000000      -2.762947366304339E-003
  1.095842993945640E-002  0.304889128597888       2.513442082211481E-002
  -17.0967026579430        1035.28838984760       -1467.80664806187     
   1941.90142242231     
         112   1.16670400000000      -5.148525181568609E-003
  1.095857748070323E-002  0.299740603416319       2.527071837283498E-002
   177.993211846899        1035.41515040562       -1289.81343621497     
   1946.19859200665     
         113   1.17712100000000      -9.528537731876636E-003
  1.095818294894434E-002  0.290212065684443       2.540393119675502E-002
   111.634979778102        1035.40950246264       -1178.17845643687     
   1951.06221393051     
         114   1.18753800000000       3.079609800071692E-003
  1.095824051164339E-002  0.293291675484514       2.553285812533025E-002
   819.492956338263        1035.29345377405       -358.685500098606     
   1955.26042107633     
         115   1.19795500000000      -1.537168170068202E-003
  1.095769629414831E-002  0.291754507314446       2.566346949076478E-002
   777.262553429584        1035.34979320904        418.577053330978     
   1958.42641716668     
         116   1.20837200000000      -7.671573091294149E-003
  1.095842637747046E-002  0.284082934223152       2.579134033158681E-002
   1016.86012802180        1036.03980619637        1435.43718135278     
   1959.40423745495     
         117   1.21878900000000       1.034023553012901E-003
  1.095723907584519E-002  0.285116957776165       2.591868151901720E-002
   1515.60856124457        1036.96968586563        2951.04574259734     
   1958.80990233470     
         118   1.22920600000000       5.135832435836281E-004
  1.095721112861134E-002  0.285630541019749       2.604263691484634E-002
   910.752623428045        1037.79173306697        3861.79836602539     
   1957.96073854263     
         119   1.23962300000000      -8.947455653690214E-004
  1.095632636908878E-002  0.284735795454380       2.616307177923449E-002
   312.726750702951        1038.15715658923        4174.52511672834     
   1957.76344518792     
         120   1.25004000000000      -4.283491167355630E-003
  1.095758821708276E-002  0.280452304287024       2.626745989200309E-002
  -2696.41706650529        1037.91226452127        1478.10805022305     
   1958.38801148501     
         121   1.26045700000000       2.574669060620904E-002
  1.095823897472369E-002  0.306198994893233       2.637829730849216E-002
  -3105.96170957851        1037.71891041204       -1627.85365935546     
   1959.53399701662     
         122   1.27087400000000      -1.224418205863596E-002
  1.095848275369997E-002  0.293954812834597       2.648271779548521E-002
  -65.4262907698057        1037.21257675520       -1693.27995012526     
   1960.19353030365     
         123   1.28129100000000       1.537932150815477E-003
  1.095911852024274E-002  0.295492744985413       2.657630653610157E-002
  -420.402194538959        1037.02254532978       -2113.68214466422     
   1960.03137256753     
         124   1.29170800000000       8.665654761842398E-003
  1.095824670223960E-002  0.304158399747255       2.666577078071655E-002
   443.166926870379        1037.19470840114       -1670.51521779384     
   1959.01487647581     
         125   1.30212500000000       5.578927718686653E-003
  1.095718994272195E-002  0.309737327465942       2.675169142045796E-002
   1085.71893346083        1037.12466682750       -584.796284333011     
   1958.44286453557     
         126   1.31254200000000       6.404885421712313E-003
  1.095724257822110E-002  0.316142212887654       2.683780904177166E-002
  -1043.50886950535        1037.09969081669       -1628.30515383837     
   1958.02908692708     
         127   1.32295900000000       8.825008365688075E-004
  1.095700070922556E-002  0.317024713724223       2.691861065392041E-002
   568.562687996998        1037.07853122400       -1059.74246584137     
   1957.93801041696     
         128   1.33337600000000       1.985000687369428E-004
  1.095647704491781E-002  0.317223213792960       2.699415779358537E-002
   578.031544351742        1037.28887509655       -481.710921489626     
   1957.67509544656     
         129   1.34379300000000       1.436081717608591E-002
  1.095655290623580E-002  0.331584030969046       2.706508220827832E-002
   808.931928703172        1037.16622062509        327.221007213546     
   1957.62113594283     
         130   1.35421000000000       3.965817259792106E-003
  1.095703361749046E-002  0.335549848228838       2.712640731310794E-002
   870.224652464969        1036.56832337623        1197.44565967852     
   1957.50266942248     
         131   1.36462700000000      -6.960432256916132E-003
  1.095719672779651E-002  0.328589415971922       2.718799831328542E-002
   339.632025876901        1036.38761852778        1537.07768555542     
   1956.98870141824     
         132   1.37504400000000      -9.858045076636698E-003
  1.095803597275587E-002  0.318731370895285       2.725506395037587E-002
  -467.957446136257        1036.59936784136        1069.12023941916     
   1956.39420440237     
         133   1.38546100000000       3.549481228297211E-004
  1.095764544314094E-002  0.319086319018115       2.732089492882905E-002
  -1324.24323142276        1036.54733942332       -255.122992003596     
   1955.52889711118     
         134   1.39587800000000      -1.603529907912711E-003
  1.095758364798238E-002  0.317482789110202       2.739355450690739E-002
  -151.642134724640        1036.73401735425       -406.765126728236     
   1955.37350090476     
         135   1.40629500000000      -7.424150215835632E-003
  1.095688010142513E-002  0.310058638894366       2.747242097259096E-002
  -509.891952890759        1036.76423091810       -916.657079618995     
   1955.20141442807     
         136   1.41671200000000      -2.026077058952858E-003
  1.095763931716438E-002  0.308032561835413       2.756098199774365E-002
  -397.428959691495        1036.69584531789       -1314.08603931049     
   1955.63882411925     
         137   1.42712900000000      -5.071120415413155E-003
  1.095742921653788E-002  0.302961441420000       2.765688883995025E-002
   639.865644441592        1036.44756540269       -674.220394868898     
   1956.47922289973     
         138   1.43754600000000       2.641947238212148E-002
  1.095653496714876E-002  0.329380913802122       2.775935038144060E-002
   1084.65630644619        1036.50951999889        410.435911577289     
   1956.99693092265     
         139   1.44796300000000       6.339560044084739E-003
  1.095709396742409E-002  0.335720473846207       2.785282169720787E-002
   1749.61868094616        1036.59454626784        2160.05459252345     
   1957.17506232023     
         140   1.45838000000000       1.413069540836851E-002
  1.095667148739383E-002  0.349851169254575       2.794207153185220E-002
  -255.825798512901        1036.77042460689        1904.22879401055     
   1957.14422733140     
         141   1.46879700000000      -3.093074279929782E-003
  1.095603458090602E-002  0.346758094974645       2.804304577291713E-002
  -770.882885709196        1036.82510491946        1133.34590830136     
   1956.93471125386     
         142   1.47921400000000      -1.386969359470872E-002
  1.095615531496933E-002  0.332888401379937       2.814853114989313E-002
  -910.064534571625        1036.69176955517        223.281373729730     
   1956.35095185961     
         143   1.48963100000000       4.472651856875614E-003
  1.095889327447372E-002  0.337361053236812       2.827402890664730E-002
  -755.485062417545        1036.73334598124       -532.203688687814     
   1955.72626518962     
         144   1.50004800000000      -4.108889693134669E-003
  1.095875387370672E-002  0.333252163543678       2.840042728636634E-002
   162.412511091213        1036.78949984564       -369.791177596601     
   1955.45605693212     
         145   1.51046500000000      -3.072345395749340E-003
  1.095741531836237E-002  0.330179818147928       2.852724058109680E-002
  -30.7270856304747        1036.80338643418       -400.518263227076     
   1955.60539653277     
         146   1.52088200000000      -1.164661178536533E-002
  1.095762607248848E-002  0.318533206362563       2.866056448468501E-002
  -322.304805836984        1036.75303331366       -722.823069064060     
   1956.12867101930     
         147   1.53129900000000       1.154737873600688E-002
  1.095764438943754E-002  0.330080585098570       2.878355168834352E-002
  -715.115378320466        1036.82692947217       -1437.93844738453     
   1956.24943201511     
         148   1.54171600000000       1.896653181405495E-002
  1.095696991350014E-002  0.349047116912625       2.889799549787413E-002
  -991.952157548937        1036.67497916376       -2429.89060493346     
   1956.49904997853     
         149   1.55213300000000      -2.028464684453883E-002
  1.095729390680239E-002  0.328762470068086       2.901283458736955E-002
   1436.00226579216        1036.41343999493       -993.888339141306     
   1956.73057616358     
         150   1.56255000000000       2.356921533104265E-003
  1.095817245527889E-002  0.331119391601190       2.911944003250091E-002
   604.411164273963        1036.25717641944       -389.477174867343     
   1956.58934677097     
         151   1.57296700000000      -1.201429688484320E-003
  1.095722536991257E-002  0.329917961912706       2.922278906672913E-002
   1161.57651051868        1036.47334482619        772.099335651337     
   1956.10257713216     
         152   1.58338400000000      -1.443317916411686E-002
  1.095551954124850E-002  0.315484782748589       2.932371459632455E-002
   521.516443163413        1036.73379511090        1293.61577881475     
   1955.72461714658     
         153   1.59380100000000      -1.638088364087397E-002
  1.095546185331370E-002  0.299103899107715       2.943295243223943E-002
   40.0459047144336        1036.87354115618        1333.66168352918     
   1955.61476068593     
         154   1.60421800000000      -4.146506522190259E-003
  1.095507073115565E-002  0.294957392585525       2.955316719657530E-002
   854.185440909926        1036.73433336384        2187.84712443911     
   1955.16105363263     
         155   1.61463500000000       4.655999423985971E-003
  1.095390451991361E-002  0.299613392009511       2.967070448329487E-002
  -682.524906044034        1036.62852172336        1505.32221839508     
   1955.07320664406     
         156   1.62505200000000      -2.360613163889566E-002
  1.095287960193721E-002  0.276007260370615       2.978577759185344E-002
  -937.049980776375        1036.51408152303        568.272237618700     
   1955.11243625633     
         157   1.63546900000000       1.844009568728860E-002
  1.095340613704946E-002  0.294447356057904       2.989153341142804E-002
  -1331.10029542330        1036.36013605796       -762.828057804603     
   1955.22258415028     
         158   1.64588600000000      -1.773446453559023E-002
  1.095099481056983E-002  0.276712891522313       2.999246637674773E-002
  -256.888858897652        1036.33789554548       -1019.71691670225     
   1955.21761585141     
         159   1.65630300000000       2.322503565853181E-002
  1.095269500252830E-002  0.299937927180845       3.009190037160325E-002
  -239.190121123826        1036.40017365675       -1258.90703782608     
   1955.19206088395     
         160   1.66672000000000       5.269263032032999E-003
  1.095301326582293E-002  0.305207190212878       3.017741603290123E-002
  -388.696112505876        1036.25419226804       -1647.60315033196     
   1955.20152587795     
         161   1.67713700000000      -6.537854394784736E-003
  1.095312158016455E-002  0.298669335818093       3.026499216241632E-002
   182.202870882194        1035.93429346124       -1465.40027944976     
   1955.00609173932     
         162   1.68755400000000       2.311500243131204E-003
  1.095154303355773E-002  0.300980836061225       3.036242196245282E-002
   1291.15726303616        1035.83804194376       -174.243016413607     
   1954.41814272932     
         163   1.69797100000000       4.198446048057752E-003
  1.095394260690580E-002  0.305179282109282       3.044432424312116E-002
   595.432924403956        1035.77348866450        421.189907990349     
   1953.52164676098     
         164   1.70838800000000      -2.672754830758016E-002
  1.095413159770473E-002  0.278451733801702       3.052607196777154E-002
   231.504131170781        1035.92218808694        652.694039161130     
   1953.05464307227     
         165   1.71880500000000       4.677563117940632E-002
  1.095494408318112E-002  0.325227364981108       3.060180728565033E-002
  -108.461941060709        1036.00013069908        544.232098100421     
   1953.09845638027     
         166   1.72922200000000      -1.191501516613646E-002
  1.095554474004721E-002  0.313312349814972       3.066792778184010E-002
   741.965116140647        1036.10162702919        1286.19721424107     
   1953.19096603923     
         167   1.73963900000000      -6.609156941444054E-003
  1.095381302508392E-002  0.306703192873528       3.073064272483837E-002
  -334.449532212546        1035.96478094161        951.747682028523     
   1954.03594692715     
         168   1.75005600000000      -7.607749272180935E-003
  1.095280333276450E-002  0.299095443601347       3.079463781540086E-002
  -135.787787219580        1035.96408040497        815.959894808944     
   1954.85224938264     
         169   1.76047300000000       2.696117009617338E-002
  1.095207253579050E-002  0.326056613697520       3.086088164517820E-002
   751.661467599196        1035.79175365881        1567.62136240814     
   1955.55130935475     
         170   1.77089000000000      -1.733795180873973E-002
  1.095255419287524E-002  0.308718661888781       3.093395173699355E-002
  -1493.19597308071        1035.96078128878        74.4253893274295     
   1955.74848404012     
         171   1.78130700000000      -6.752151817956591E-004
  1.095273139228030E-002  0.308043446706985       3.102206102144623E-002
  -1164.22604896303        1036.62965591255       -1089.80065963560     
   1955.81931800601     
         172   1.79172400000000       8.679130441665425E-003
  1.095166891057830E-002  0.316722577148650       3.111214288576773E-002
  -398.445133788945        1036.75714672348       -1488.24579342454     
   1956.10707178380     
         173   1.80214100000000       5.868267875475226E-003
  1.095192754995759E-002  0.322590845024126       3.120867152559477E-002
  -707.539075953327        1036.55676879223       -2195.78486937787     
   1956.14663225136     
         174   1.81255800000000      -2.764171610443706E-003
  1.095281433075408E-002  0.319826673413682       3.130410368177607E-002
   1529.29468507620        1036.67057260749       -666.490184301671     
   1956.54712839254     
         175   1.82297500000000      -6.073076415883429E-003
  1.095258480345239E-002  0.313753596997799       3.139690379576072E-002
   741.724916368698        1036.70620903248        75.2347320670273     
   1957.11412944657     
         176   1.83339200000000      -2.713692172681515E-003
  1.095248069643340E-002  0.311039904825117       3.149901404290725E-002
  -346.585425916300        1036.77989603075       -271.350693849273     
   1958.24074145216     
         177   1.84380900000000      -1.635101022597315E-002
  1.095036016029544E-002  0.294688894599144       3.161163884920008E-002
   354.455305082523        1036.67144779406        83.1046112332496     
   1958.49130901136     
         178   1.85422600000000      -7.793176913107035E-003
  1.094868847356559E-002  0.286895717686037       3.172925758389586E-002
   316.359635825391        1036.89367469437        399.464247058641     
   1957.92003488388     
         179   1.86464300000000       5.152719004499086E-003
  1.094816202711530E-002  0.292048436690536       3.184751840568103E-002
  -374.054094227976        1037.41349191777        25.4101528306653     
   1956.86107934854     
         180   1.87506000000000      -1.439885078005925E-002
  1.094766415035497E-002  0.277649585910477       3.196030003742917E-002
  -195.841331572178        1037.55618445572       -170.431178741513     
   1956.21550439572     
         181   1.88547700000000       2.760696133371537E-003
  1.094601852581066E-002  0.280410282043848       3.207116663939497E-002
   297.284479850522        1037.74762788479        126.853301109009     
   1956.18408443996     
         182   1.89589400000000      -4.253449524186020E-003
  1.094547377142788E-002  0.276156832519662       3.219294267707655E-002
   892.726104954311        1037.54792660751        1019.57940606332     
   1956.83739554956     
         183   1.90631100000000       6.945265446756757E-003
  1.094532769483619E-002  0.283102097966419       3.232211473514102E-002
  -327.501202651515        1036.77880117408        692.078203411805     
   1957.41054298613     
         184   1.91672800000000      -1.026511527096296E-002
  1.094632573605649E-002  0.272836982695456       3.244621281391801E-002
  -280.284194468335        1035.83351858804        411.794008943470     
   1956.43165901164     
         185   1.92714500000000      -8.910181763750998E-003
  1.094593201435940E-002  0.263926800931705       3.256610037557781E-002
   326.150397495061        1035.15231569495        737.944406438531     
   1953.37444612074     
         186   1.93756200000000       6.932281572950852E-003
  1.094617206556427E-002  0.270859082504656       3.269193727173599E-002
   318.078059357255        1035.06634617749        1056.02246579579     
   1949.19975286330     
         187   1.94797900000000       1.283612658850520E-003
  1.094681773927235E-002  0.272142695163506       3.282209383474605E-002
  -342.536801967199        1035.06858909266        713.485663828587     
   1944.23979797397     
         188   1.95839600000000       6.255346479778635E-003
  1.094689656989699E-002  0.278398041643285       3.295435112150034E-002
  -234.024478774980        1034.95445238197        479.461185053607     
   1939.97065587286     
         189   1.96881300000000       7.499000865694221E-003
  1.094698912046266E-002  0.285897042508979       3.307907724978852E-002
   601.041571661732        1034.60270161467        1080.50275671534     
   1937.23004206596     
         190   1.97923000000000       7.427350976217418E-003
  1.094985501276289E-002  0.293324393485197       3.318045325618962E-002
  -1501.91400062173        1032.71403113318       -421.411243906392     
   1936.71397905259     
         191   1.98964700000000      -3.735210771247643E-003
  1.095046683845275E-002  0.289589182713949       3.326185749275470E-002
  -828.060249006095        1030.07959434480       -1249.47149291249     
   1936.44427648022     
         192   2.00006400000000       8.780704475401641E-004
  1.095181583305668E-002  0.290467253161489       3.333250556415412E-002
  -815.089598040442        1028.44956808278       -2064.56109095293     
   1934.28175232746     
         193   2.01048100000000       1.706551260668746E-002
  1.095360640203875E-002  0.307532765768177       3.338437923474097E-002
  -1154.25877661529        1027.68719958949       -3218.81986756821     
   1929.70104049237     
         194   2.02089800000000       7.274638131517490E-003
  1.095378918641793E-002  0.314807403899694       3.343879998330967E-002
   235.481250673905        1027.64329572580       -2983.33861689431     
   1925.00669471890     
         195   2.03131500000000      -5.134318240356523E-003
  1.095238398435630E-002  0.309673085659338       3.348971629821694E-002
   1908.13184480660        1027.76773959971       -1075.20677208771     
   1921.70821942973     
         196   2.04173200000000      -4.129856007004729E-003
  1.095245333355355E-002  0.305543229652333       3.354125635347389E-002
   442.870648868303        1027.55293895458       -632.336123219405     
   1919.63402112214     
         197   2.05214900000000       7.433155731163222E-003
  1.095193267559978E-002  0.312976385383496       3.359292388828298E-002
   613.569126257886        1027.41915205286       -18.7669969615192     
   1918.35077944335     
         198   2.06256600000000       8.928046187156579E-003
  1.095395034293345E-002  0.321904431570653       3.365888573331194E-002
   1612.85380087966        1027.80651831104        1594.08680391814     
   1916.54700141600     
         199   2.07298300000000       4.694912727395269E-003
  1.095308151378602E-002  0.326599344298048       3.371565944638060E-002
   1798.04709558735        1028.03546433908        3392.13389950548     
   1915.51631306843     
         200   2.08340000000000       2.937016731993511E-003
  1.095314628335052E-002  0.329536361030041       3.377669614673265E-002
   193.824577414878        1027.36468356916        3585.95847692036     
   1915.53246553452     
         201   2.09381700000000       7.514549230812257E-004
  1.095279628030915E-002  0.330287815953123       3.383576618331633E-002
  -689.963074890419        1026.03197128435        2895.99540202994     
   1915.47098106445     
         202   2.10423400000000       1.956200605909688E-003
  1.095508360103910E-002  0.332244016559032       3.391301162564508E-002
  -556.954893408378        1026.75733102277        2339.04050862157     
   1915.68241743680     
         203   2.11465100000000      -2.112439709252762E-002
  1.095612687165544E-002  0.311119619466505       3.397603649764006E-002
  -2511.70034526461        1025.74974881859       -172.659836643045     
   1914.27674375623     
         204   2.12506800000000      -1.719902312583493E-003
  1.095668458545035E-002  0.309399717153921       3.405913734977786E-002
  -775.026226405766        1024.38722354401       -947.686063048811     
   1908.12856854224     
         205   2.13548500000000       9.314121203510858E-004
  1.095442637832812E-002  0.310331129274272       3.415543212614602E-002
  -498.528955044495        1024.28196621909       -1446.21501809331     
   1899.84077280808     
         206   2.14590200000000      -6.737374778768946E-004
  1.095191018681102E-002  0.309657391796395       3.426394085981446E-002
   83.7511188607175        1024.17965567694       -1362.46389923259     
   1892.94938179505     
         207   2.15631900000000       1.743817784351094E-002
  1.095223181397813E-002  0.327095569639906       3.436520916517827E-002
   479.123869688342        1023.96594818054       -883.340029544246     
   1887.64394482625     
         208   2.16673600000000      -4.164613259874368E-003
  1.095307724654898E-002  0.322930956380032       3.447618239980196E-002
  -218.446521670117        1023.48350572027       -1101.78655121436     
   1884.45573973833     
         209   2.17715300000000       1.062337503411325E-003
  1.095333739820144E-002  0.323993293883443       3.458123480016659E-002
  -797.852178012436        1022.10621239288       -1899.63872922680     
   1883.76780617780     
         210   2.18757000000000      -1.124443798969507E-005
  1.095436068555288E-002  0.323982049445454       3.468399933075783E-002
   157.140771677930        1020.12641744556       -1742.49795754887     
   1884.00887026319     
         211   2.19798700000000      -1.131023692953139E-002
  1.095464275595621E-002  0.312671812515922       3.479113006802290E-002
   9.79742107830743        1017.88739528532       -1732.70053647056     
   1882.70273430226     
         212   2.20840400000000       1.988214264145735E-002
  1.095528714820288E-002  0.332553955157380       3.489220682222078E-002
   1137.64121057560        1017.35779002269       -595.059325894959     
   1879.35091502923     
         213   2.21882100000000      -1.346645520559460E-004
  1.095466926571985E-002  0.332419290605324       3.498710341185637E-002
   904.588058013351        1017.05607746422        309.528732118393     
   1873.61677037000     
         214   2.22923800000000      -1.412597992218027E-002
  1.095379314159665E-002  0.318293310683143       3.507904097099477E-002
  -104.872167715215        1016.84409108276        204.656564403178     
   1865.78811004392     
         215   2.23965500000000      -1.647694655746932E-002
  1.095354273951275E-002  0.301816364125674       3.517567947294074E-002
   1456.41513971694        1016.89722845088        1661.07170412012     
   1857.82117892717     
         216   2.25007200000000      -5.892260065518614E-003
  1.095422739843641E-002  0.295924104060155       3.526383725312342E-002
  -25.8991728707448        1016.58238566449        1635.17253124938     
   1852.01798650359     
         217   2.26048900000000       1.080903265426201E-002
  1.095341296939052E-002  0.306733136714417       3.534835684738513E-002
  -586.906169536396        1016.03625918332        1048.26636171298     
   1848.63428036985     
         218   2.27090600000000       2.146593483757181E-002
  1.095370916398828E-002  0.328199071551989       3.544036345565773E-002
  -1265.92450277758        1015.19318017811       -217.658141064602     
   1847.30782779821     
         219   2.28132300000000      -2.848373924402217E-003
  1.095365322776442E-002  0.325350697627587       3.552931368606734E-002
   973.628514899523        1014.02830816406        755.970373834922     
   1847.20038324284     
         220   2.29174000000000      -1.104831228214606E-002
  1.095352302616318E-002  0.314302385345441       3.562825063757830E-002
   692.004773717837        1012.33861230226        1447.97514755276     
   1846.86519557768     
         221   2.30215700000000       3.686759585390215E-002
  1.095508649639373E-002  0.351169981199343       3.572135127560424E-002
   882.695946281496        1010.43367398678        2330.67109383426     
   1844.24610284921     
         222   2.31257400000000      -1.039218622951356E-002
  1.095521018513315E-002  0.340777794969829       3.581059198389557E-002
   266.639960888411        1009.41089310066        2597.31105472267     
   1838.83275995502     
         223   2.32299100000000       1.277174192861721E-002
  1.095521488076170E-002  0.353549536898447       3.589211160187696E-002
  -462.086055125617        1009.23187212136        2135.22499959705     
   1831.70958797988     
         224   2.33340800000000      -1.182296512452588E-002
  1.095369809811845E-002  0.341726571773921       3.597107800067316E-002
  -3128.25536674072        1009.20666069239       -993.030367143674     
   1823.73446177113     
         225   2.34382500000000       2.464551652969508E-002
  1.095435904927944E-002  0.366372088303616       3.604770470906368E-002
  -2493.69517616143        1009.21483693730       -3486.72554330511     
   1816.25438318805     
         226   2.35424200000000       8.314890900496663E-003
  1.095414361129050E-002  0.374686979204112       3.612334616277315E-002
  -515.279747941885        1009.20676964865       -4002.00529124699     
   1809.84628186523     
         227   2.36465900000000       7.318999549371488E-003
  1.095433531879967E-002  0.382005978753484       3.620059129572116E-002
   85.3747643507464        1008.88380079196       -3916.63052689625     
   1805.72443684397     
         228   2.37507600000000      -5.929319846067234E-003
  1.095410949008444E-002  0.376076658907417       3.627599164791773E-002
   1169.14289904111        1007.42861885987       -2747.48762785514     
   1804.55591776077     
         229   2.38549300000000       4.644207560113005E-003
  1.095342941305050E-002  0.380720866467530       3.634807518058968E-002
   1446.15952204709        1005.51030084213       -1301.32810580804     
   1804.57878401325     
         230   2.39591000000000      -4.119309764386835E-002
  1.095386195629301E-002  0.339527768823661       3.642771836113335E-002
   1451.76929552047        1003.39327056434        150.441189712426     
   1803.55494665248     
         231   2.40632700000000       3.350960970895576E-002
  1.095487280014601E-002  0.373037378532617       3.651280646769412E-002
   711.944253808261        1001.53389761068        862.385443520687     
   1799.39083264917     
         232   2.41674400000000      -1.333670508633188E-002
  1.095543416261238E-002  0.359700673446285       3.660368600508825E-002
   1542.24036257703        1000.10212054385        2404.62580609772     
   1790.86113531324     
         233   2.42716100000000       1.065032047500581E-002
  1.095533691045222E-002  0.370350993921291       3.669693235021340E-002
   253.846882531093        999.398893400796        2658.47268862881     
   1778.08804003175     
         234   2.43757800000000      -1.847706582891736E-002
  1.095528206669772E-002  0.351873928092374       3.679144029322703E-002
  -465.814668126032        999.466594003974        2192.65802050278     
   1764.97770266324     
         235   2.44799500000000       1.061048749023500E-003
  1.095495232661360E-002  0.352934976841397       3.688104868900001E-002
   369.793449447851        999.309194560300        2562.45146995063     
   1754.77259271661     
         236   2.45841200000000       8.888462050945250E-004
  1.095525720949117E-002  0.353823823046492       3.695993799004299E-002
  -457.394994147201        998.374140395789        2105.05647580343     
   1749.04739982863     
         237   2.46882900000000      -1.497446577596171E-002
  1.095514931861211E-002  0.338849357270530       3.704693279423484E-002
  -555.812152917542        996.627604407274        1549.24432288589     
   1747.14902460548     
         238   2.47924600000000       1.146219988099224E-003
  1.095658199189322E-002  0.339995577258629       3.713716262887150E-002
  -2558.87069308635        994.169214734227       -1009.62637020046     
   1747.14893445895     
         239   2.48966300000000      -1.859508185703941E-002
  1.095662747200463E-002  0.321400495401590       3.722406207333785E-002
  -1055.67910618187        991.431343075701       -2065.30547638233     
   1746.11343472295     
         240   2.50008000000000       1.978417085897637E-002
  1.095628385791366E-002  0.341184666260566       3.730741545427819E-002
  -247.736737478681        988.555708947965       -2313.04221386101     
   1740.90969971354     
         241   2.51049700000000      -5.151726835272918E-003
  1.095417671531024E-002  0.336032939425293       3.741496886037527E-002
   359.184311007592        987.174423485562       -1953.85790285342     
   1730.81306635439     
         242   2.52091400000000      -8.567897550418310E-003
  1.095181036066088E-002  0.327465041874875       3.750916213371661E-002
   700.618300982989        986.802191678474       -1253.23960187043     
   1717.45341896862     
         243   2.53133100000000       2.329237839101059E-002
  1.095194015613623E-002  0.350757420265886       3.760752448320443E-002
   921.100961025393        986.780762564201       -332.138640845039     
   1702.72976415965     
         244   2.54174800000000       8.251753654299981E-003
  1.095104181752366E-002  0.359009173920186       3.769697237406558E-002
   477.013938658362        986.639093013925        144.875297813324     
   1689.55781895580     
         245   2.55216500000000      -1.116082957629947E-002
  1.095018518294977E-002  0.347848344343886       3.779315192825145E-002
   566.002965908765        985.854850346617        710.878263722088     
   1680.58831343524     
         246   2.56258200000000       7.299102157767216E-004
  1.095006996671524E-002  0.348578254559663       3.788903128389266E-002
  -713.342251177581        984.081750752880       -2.46398745549322     
   1676.60304583932     
         247   2.57299900000000       1.786050767608421E-003
  1.095025838644615E-002  0.350364305327271       3.800133054510814E-002
   144.727901723906        980.369026916671        142.263914268413     
   1676.36279854594     
         248   2.58341600000000       1.596160746561382E-003
  1.094890104395040E-002  0.351960466073833       3.811177087277904E-002
  -851.530719468036        976.468882312502       -709.266805199622     
   1675.40276862520     
         249   2.59383300000000      -6.932365332759352E-003
  1.094720122010928E-002  0.345028100741073       3.822351997789301E-002
   804.688763272198        972.505093392433        95.4219580725752     
   1669.10221272331     
         250   2.60425000000000       7.756720318189284E-004
  1.094689154633757E-002  0.345803772772892       3.833591678384850E-002
   171.259416076882        969.796727335000        266.681374149457     
   1654.74896379657     
         251   2.61466700000000      -3.848706036429537E-003
  1.094691736968560E-002  0.341955066736463       3.843183406682213E-002
   96.0615957102375        968.987600020324        362.742969859695     
   1634.34672035433     
         252   2.62508400000000      -1.166245352535641E-003
  1.094517940443628E-002  0.340788821383927       3.852572693758943E-002
  -184.734270203862        968.970236163232        178.008699655833     
   1613.16799271721     
         253   2.63550100000000      -1.540866460336460E-002
  1.094475924737978E-002  0.325380156780562       3.862132033275312E-002
   824.567223642902        968.479871815702        1002.57592329873     
   1595.91674822900     
         254   2.64591800000000       1.348859229229085E-002
  1.094363904730247E-002  0.338868749072853       3.870796827924861E-002
   471.634598335004        966.349655299749        1474.21052163374     
   1586.68602736465     
         255   2.65633500000000      -5.729396562675440E-003
  1.094252037381188E-002  0.333139352510178       3.878568885415716E-002
  -29.4941918075020        962.617078074638        1444.71632982624     
   1584.32373193733     
         256   2.66675200000000       7.200462603209188E-003
  1.094315100609158E-002  0.340339815113387       3.886473571710691E-002
  -1277.81834830110        958.118376093067        166.897981525137     
   1584.28077186908     
         257   2.67716900000000       6.722481473691015E-003
  1.094439757939904E-002  0.347062296587078       3.894601387536734E-002
  -480.869529615553        953.328208812613       -313.971548090416     
   1580.96934360798     
         258   2.68758600000000       2.235118513700041E-002
  1.094473227914615E-002  0.369413481724078       3.902989496967122E-002
  -340.191420238591        950.052669378102       -654.162968329007     
   1570.54780645836     
         259   2.69800300000000       9.646260677535283E-003
  1.094586405308788E-002  0.379059742401614       3.910039898998915E-002
  -498.591785446087        948.102217546349       -1152.75475377509     
   1551.83925272311     
         260   2.70842000000000      -1.384520553733820E-003
  1.094691777114054E-002  0.377675221847880       3.916795681591249E-002
  -194.779221632185        947.390203004892       -1347.53397540728     
   1526.78642298969     
         261   2.71883700000000      -2.442582838200284E-002
  1.094777081381210E-002  0.353249393465877       3.924406380360011E-002
   498.636189974835        947.328561050752       -848.897785432445     
   1501.94555307500     
         262   2.72925400000000       3.240705098424996E-004
  1.094774088539627E-002  0.353573463975719       3.931617383510256E-002
   6.99065597875933        946.151035890001       -841.907129453685     
   1484.44257704564     
         263   2.73967100000000      -6.080161832887117E-003
  1.095003424403782E-002  0.347493302142832       3.940248837174597E-002
   335.443803633022        943.054938928482       -506.463325820663     
   1476.65847673877     
         264   2.75008800000000      -1.805033299427477E-002
  1.094992768130366E-002  0.329442969148558       3.948142548066218E-002
   1078.25839609403        936.870352173778        571.795070273368     
   1476.01873378293     
         265   2.76050500000000      -3.621717953163860E-003
  1.094888117690051E-002  0.325821251195394       3.956809876952801E-002
  -621.413196816632        929.840166411083       -49.6181265432635     
   1474.31592932406     
         266   2.77092200000000       6.497536718015536E-003
  1.094660571543772E-002  0.332318787913409       3.964741416259805E-002
   572.631211926842        923.887007134496        523.013085383578     
   1463.70754276978     
         267   2.78133900000000       4.862397510230767E-003
  1.094714254802128E-002  0.337181185423640       3.972825184895520E-002
   353.373015839104        920.932304730728        876.386101222682     
   1442.17875117418     
         268   2.79175600000000      -1.302544363984497E-002
  1.094676868291142E-002  0.324155741783795       3.980055703495300E-002
  -551.958928387723        919.860308210817        324.427172834959     
   1411.71670797868     
         269   2.80217300000000       8.832659956031693E-003
  1.094453371808490E-002  0.332988401739827       3.986074533750866E-002
   408.694960343370        919.832985818204        733.122133178329     
   1381.14330669102     
         270   2.81259000000000      -1.660165090519757E-002
  1.094438257872936E-002  0.316386750834629       3.992104261653324E-002
   150.689960826865        918.681631754915        883.812094005194     
   1359.10379306008     
         271   2.82300700000000       3.770647689016856E-003
  1.094320449523970E-002  0.320157398523646       3.998852046544232E-002
  -126.992251328023        915.332385285680        756.819842677171     
   1348.74789168071     
         272   2.83342400000000      -5.557800294307499E-003
  1.094316588870733E-002  0.314599598229339       4.005195753180147E-002
  -551.680335741814        908.167243378935        205.139506935357     
   1347.67592384438     
         273   2.84384100000000       1.030771838215646E-002
  1.094345440368971E-002  0.324907316611495       4.011756482365407E-002
  -398.704241738429        900.088748868792       -193.564734803072     
   1345.95555550540     
         274   2.85425800000000       1.538733442853900E-002
  1.094306642015446E-002  0.340294651040034       4.019202720518310E-002
  -674.977373708930        892.027140691209       -868.542108512002     
   1332.79260990860     
         275   2.86467500000000       2.597209715579180E-003
  1.094323282374814E-002  0.342891860755613       4.025944736608372E-002
  -191.917366932942        886.643480003711       -1060.45947544494     
   1301.63697163982     
         276   2.87509200000000      -1.984759849028442E-002
  1.094348279960979E-002  0.323044262265329       4.033021472247479E-002
   109.855260432726        885.373913176456       -950.604215012218     
   1258.01545637863     
         277   2.88550900000000       1.432276435832490E-002
  1.094347615206995E-002  0.337367026623654       4.041275340190740E-002
   43.4664035359070        885.171871137529       -907.137811476311     
   1218.00290957174     
         278   2.89592600000000      -3.303328590964117E-003
  1.094325363102309E-002  0.334063698032690       4.048514020279959E-002
   838.963731379594        882.215374569550       -68.1740800967176     
   1193.65458791620     
         279   2.90634300000000       7.568639262215690E-003
  1.094228935273989E-002  0.341632337294905       4.054951030430567E-002
   18.2225431887157        873.723346865521       -49.9515369080019     
   1187.61389030994     
         280   2.91676000000000       1.803704893308409E-002
  1.094133181398159E-002  0.359669386227989       4.061355990448217E-002
   115.769391465661        861.088713554439        65.8178545576594     
   1187.30343253529     
         281   2.92717700000000       3.468406858509581E-003
  1.094193276747253E-002  0.363137793086499       4.067653928167760E-002
   771.255256697243        847.400737324215        837.073111254903     
   1173.45678229320     
         282   2.93759400000000       6.993024042196093E-003
  1.094300162465776E-002  0.370130817128695       4.074673243629062E-002
   420.213051356882        839.626809461572        1257.28616261178     
   1135.68889781768     
         283   2.94801100000000       8.013989215560400E-003
  1.094331411510858E-002  0.378144806344255       4.082140716180853E-002
  -583.380273288620        837.447153668570        673.905889323164     
   1078.69547527878     
         284   2.95842800000000      -4.316983911345450E-003
  1.094345164325169E-002  0.373827822432910       4.090259494661724E-002
  -356.262198376344        837.227329668864        317.643690946820     
   1024.74672026421     
         285   2.96884500000000      -1.954137169517448E-003
  1.094261914922445E-002  0.371873685263393       4.098183850454713E-002
  -145.085410657331        832.015153817372        172.558280289489     
   995.388243560897     
         286   2.97926200000000       1.050978340828729E-003
  1.094470428760521E-002  0.372924663604221       4.104351396491938E-002
  -786.500721157968        817.270961840834       -613.942440868480     
   991.560126162694     
         287   2.98967900000000      -1.222691555622295E-002
  1.094089254359156E-002  0.360697748047998       4.110745339479720E-002
   12.1521504234416        792.805103644931       -601.790290445038     
   985.306909139440     
         288   3.00009600000000       1.478248949937261E-003
  1.093754518093639E-002  0.362175996997936       4.117287432801688E-002
   96.9501848055085        773.341077313569       -504.840105639529     
   943.084258756979     
         289   3.01051300000000       1.609143065306346E-002
  1.093745716538229E-002  0.378267427650999       4.123616700605184E-002
   39.7620061674748        767.315983301663       -465.078099472055     
   862.640345205257     
         290   3.02093000000000      -3.184545470095378E-002
  1.092685205877635E-002  0.346421972950045       4.131483150184045E-002
  -60.5440724515909        766.831869594830       -525.622171923646     
   785.857673488887     
         291   3.03134700000000      -1.089667324491437E-004
  1.091809636682508E-002  0.346313006217596       4.139857089752087E-002
   1005.77318384068        754.722723178090        480.151011917033     
   754.564752656822     
         292   3.04176400000000      -1.776660626540811E-002
  1.091698598625532E-002  0.328546399952188       4.149012942501820E-002
  -149.642060675824        724.122630708686        330.508951241210     
   754.704359372566     
         293   3.05218100000000       1.580347425297319E-003
  1.091326815545915E-002  0.330126747377485       4.159655616409671E-002
   240.577724314397        687.639941495005        571.086675555607     
   722.021403731012     
         294   3.06259800000000       4.633719618779000E-003
  1.089229572042319E-002  0.334760466996264       4.170640286906666E-002
  -507.915331759877        672.104078737383        63.1713437957303     
   622.644841614001     
         295   3.07301500000000       8.473715021283900E-003
  1.087976188762237E-002  0.343234182017548       4.180341501782516E-002
   65.3947003647607        671.792725784841        128.566044160491     
   519.110930382562     
         296   3.08343200000000       1.280827050805056E-003
  1.084783979049278E-002  0.344515009068353       4.187815071788170E-002
  -182.420804515012        639.964637662816       -53.8547603545215     
   500.933275260544     
         297   3.09384900000000       2.145101555010044E-002
  1.078865814254732E-002  0.365966024618454       4.188737044712153E-002
  -303.984193445114        564.943629026111       -357.838953799636     
   473.660790830993     
         298   3.10426600000000      -1.887364681881260E-004
  1.076422249267614E-002  0.365777288150266       4.183601699016292E-002
   31.2589795777817        531.592480274522       -326.579974221854     
   313.816961478814     
         299   3.11468300000000      -2.318985643149667E-002
  1.069568547094609E-002  0.342587431718769       4.165234707777296E-002
   648.147996442006        505.974440259442        321.568022220151     
   249.816284373875     
         300   3.12510000000000       1.888050756483407E-002
  1.046987125493587E-002  0.361467939283603       4.114000809821231E-002
  -321.566982151621        249.816295284191       1.040068529903238E-003
  1.054737455477228E-002
